X_poly =

  -33.31800    0.00000    0.00000    0.00000    0.00000    0.00000    0.00000    0.00000
  -37.91216    0.00000    0.00000    0.00000    0.00000    0.00000    0.00000    0.00000
  -51.20694    0.00000    0.00000    0.00000    0.00000    0.00000    0.00000    0.00000
   -6.13260    0.00000    0.00000    0.00000    0.00000    0.00000    0.00000    0.00000
   21.26118    0.00000    0.00000    0.00000    0.00000    0.00000    0.00000    0.00000
  -40.31953    0.00000    0.00000    0.00000    0.00000    0.00000    0.00000    0.00000
  -14.54153    0.00000    0.00000    0.00000    0.00000    0.00000    0.00000    0.00000
   32.55976    0.00000    0.00000    0.00000    0.00000    0.00000    0.00000    0.00000
   13.39343    0.00000    0.00000    0.00000    0.00000    0.00000    0.00000    0.00000
   44.20989    0.00000    0.00000    0.00000    0.00000    0.00000    0.00000    0.00000
   -1.14268    0.00000    0.00000    0.00000    0.00000    0.00000    0.00000    0.00000
  -12.76686    0.00000    0.00000    0.00000    0.00000    0.00000    0.00000    0.00000
   34.05451    0.00000    0.00000    0.00000    0.00000    0.00000    0.00000    0.00000
   39.22350    0.00000    0.00000    0.00000    0.00000    0.00000    0.00000    0.00000
    1.97450    0.00000    0.00000    0.00000    0.00000    0.00000    0.00000    0.00000
   29.62176    0.00000    0.00000    0.00000    0.00000    0.00000    0.00000    0.00000
  -23.66963    0.00000    0.00000    0.00000    0.00000    0.00000    0.00000    0.00000
   -9.01180    0.00000    0.00000    0.00000    0.00000    0.00000    0.00000    0.00000
  -55.94057    0.00000    0.00000    0.00000    0.00000    0.00000    0.00000    0.00000
  -35.70860    0.00000    0.00000    0.00000    0.00000    0.00000    0.00000    0.00000
    9.51021    0.00000    0.00000    0.00000    0.00000    0.00000    0.00000    0.00000

X_poly =

  -3.3318e+001  1.1101e+003  0.0000e+000  0.0000e+000  0.0000e+000  0.0000e+000  0.0000e+000  0.0000e+000
  -3.7912e+001  1.4373e+003  0.0000e+000  0.0000e+000  0.0000e+000  0.0000e+000  0.0000e+000  0.0000e+000
  -5.1207e+001  2.6222e+003  0.0000e+000  0.0000e+000  0.0000e+000  0.0000e+000  0.0000e+000  0.0000e+000
  -6.1326e+000  3.7609e+001  0.0000e+000  0.0000e+000  0.0000e+000  0.0000e+000  0.0000e+000  0.0000e+000
  2.1261e+001  4.5204e+002  0.0000e+000  0.0000e+000  0.0000e+000  0.0000e+000  0.0000e+000  0.0000e+000
  -4.0320e+001  1.6257e+003  0.0000e+000  0.0000e+000  0.0000e+000  0.0000e+000  0.0000e+000  0.0000e+000
  -1.4542e+001  2.1146e+002  0.0000e+000  0.0000e+000  0.0000e+000  0.0000e+000  0.0000e+000  0.0000e+000
  3.2560e+001  1.0601e+003  0.0000e+000  0.0000e+000  0.0000e+000  0.0000e+000  0.0000e+000  0.0000e+000
  1.3393e+001  1.7938e+002  0.0000e+000  0.0000e+000  0.0000e+000  0.0000e+000  0.0000e+000  0.0000e+000
  4.4210e+001  1.9545e+003  0.0000e+000  0.0000e+000  0.0000e+000  0.0000e+000  0.0000e+000  0.0000e+000
  -1.1427e+000  1.3057e+000  0.0000e+000  0.0000e+000  0.0000e+000  0.0000e+000  0.0000e+000  0.0000e+000
  -1.2767e+001  1.6299e+002  0.0000e+000  0.0000e+000  0.0000e+000  0.0000e+000  0.0000e+000  0.0000e+000
  3.4055e+001  1.1597e+003  0.0000e+000  0.0000e+000  0.0000e+000  0.0000e+000  0.0000e+000  0.0000e+000
  3.9224e+001  1.5385e+003  0.0000e+000  0.0000e+000  0.0000e+000  0.0000e+000  0.0000e+000  0.0000e+000
  1.9745e+000  3.8986e+000  0.0000e+000  0.0000e+000  0.0000e+000  0.0000e+000  0.0000e+000  0.0000e+000
  2.9622e+001  8.7745e+002  0.0000e+000  0.0000e+000  0.0000e+000  0.0000e+000  0.0000e+000  0.0000e+000
  -2.3670e+001  5.6025e+002  0.0000e+000  0.0000e+000  0.0000e+000  0.0000e+000  0.0000e+000  0.0000e+000
  -9.0118e+000  8.1213e+001  0.0000e+000  0.0000e+000  0.0000e+000  0.0000e+000  0.0000e+000  0.0000e+000
  -5.5941e+001  3.1293e+003  0.0000e+000  0.0000e+000  0.0000e+000  0.0000e+000  0.0000e+000  0.0000e+000
  -3.5709e+001  1.2751e+003  0.0000e+000  0.0000e+000  0.0000e+000  0.0000e+000  0.0000e+000  0.0000e+000
  9.5102e+000  9.0444e+001  0.0000e+000  0.0000e+000  0.0000e+000  0.0000e+000  0.0000e+000  0.0000e+000

X_poly =

  -3.3318e+001  1.1101e+003  -3.6986e+004  0.0000e+000  0.0000e+000  0.0000e+000  0.0000e+000  0.0000e+000
  -3.7912e+001  1.4373e+003  -5.4492e+004  0.0000e+000  0.0000e+000  0.0000e+000  0.0000e+000  0.0000e+000
  -5.1207e+001  2.6222e+003  -1.3427e+005  0.0000e+000  0.0000e+000  0.0000e+000  0.0000e+000  0.0000e+000
  -6.1326e+000  3.7609e+001  -2.3064e+002  0.0000e+000  0.0000e+000  0.0000e+000  0.0000e+000  0.0000e+000
  2.1261e+001  4.5204e+002  9.6109e+003  0.0000e+000  0.0000e+000  0.0000e+000  0.0000e+000  0.0000e+000
  -4.0320e+001  1.6257e+003  -6.5546e+004  0.0000e+000  0.0000e+000  0.0000e+000  0.0000e+000  0.0000e+000
  -1.4542e+001  2.1146e+002  -3.0749e+003  0.0000e+000  0.0000e+000  0.0000e+000  0.0000e+000  0.0000e+000
  3.2560e+001  1.0601e+003  3.4518e+004  0.0000e+000  0.0000e+000  0.0000e+000  0.0000e+000  0.0000e+000
  1.3393e+001  1.7938e+002  2.4026e+003  0.0000e+000  0.0000e+000  0.0000e+000  0.0000e+000  0.0000e+000
  4.4210e+001  1.9545e+003  8.6409e+004  0.0000e+000  0.0000e+000  0.0000e+000  0.0000e+000  0.0000e+000
  -1.1427e+000  1.3057e+000  -1.4920e+000  0.0000e+000  0.0000e+000  0.0000e+000  0.0000e+000  0.0000e+000
  -1.2767e+001  1.6299e+002  -2.0809e+003  0.0000e+000  0.0000e+000  0.0000e+000  0.0000e+000  0.0000e+000
  3.4055e+001  1.1597e+003  3.9493e+004  0.0000e+000  0.0000e+000  0.0000e+000  0.0000e+000  0.0000e+000
  3.9224e+001  1.5385e+003  6.0345e+004  0.0000e+000  0.0000e+000  0.0000e+000  0.0000e+000  0.0000e+000
  1.9745e+000  3.8986e+000  7.6978e+000  0.0000e+000  0.0000e+000  0.0000e+000  0.0000e+000  0.0000e+000
  2.9622e+001  8.7745e+002  2.5992e+004  0.0000e+000  0.0000e+000  0.0000e+000  0.0000e+000  0.0000e+000
  -2.3670e+001  5.6025e+002  -1.3261e+004  0.0000e+000  0.0000e+000  0.0000e+000  0.0000e+000  0.0000e+000
  -9.0118e+000  8.1213e+001  -7.3187e+002  0.0000e+000  0.0000e+000  0.0000e+000  0.0000e+000  0.0000e+000
  -5.5941e+001  3.1293e+003  -1.7506e+005  0.0000e+000  0.0000e+000  0.0000e+000  0.0000e+000  0.0000e+000
  -3.5709e+001  1.2751e+003  -4.5532e+004  0.0000e+000  0.0000e+000  0.0000e+000  0.0000e+000  0.0000e+000
  9.5102e+000  9.0444e+001  8.6014e+002  0.0000e+000  0.0000e+000  0.0000e+000  0.0000e+000  0.0000e+000

