X_poly =

  -16.74654    0.00000    0.00000    0.00000    0.00000    0.00000    0.00000    0.00000
  -14.57747    0.00000    0.00000    0.00000    0.00000    0.00000    0.00000    0.00000
   34.51576    0.00000    0.00000    0.00000    0.00000    0.00000    0.00000    0.00000
  -47.01008    0.00000    0.00000    0.00000    0.00000    0.00000    0.00000    0.00000
   36.97512    0.00000    0.00000    0.00000    0.00000    0.00000    0.00000    0.00000
  -40.68611    0.00000    0.00000    0.00000    0.00000    0.00000    0.00000    0.00000
   -4.47201    0.00000    0.00000    0.00000    0.00000    0.00000    0.00000    0.00000
   26.53363    0.00000    0.00000    0.00000    0.00000    0.00000    0.00000    0.00000
  -42.79768    0.00000    0.00000    0.00000    0.00000    0.00000    0.00000    0.00000
   25.37410    0.00000    0.00000    0.00000    0.00000    0.00000    0.00000    0.00000
  -31.10955    0.00000    0.00000    0.00000    0.00000    0.00000    0.00000    0.00000
   27.31177    0.00000    0.00000    0.00000    0.00000    0.00000    0.00000    0.00000
   -3.26386    0.00000    0.00000    0.00000    0.00000    0.00000    0.00000    0.00000
   -1.81828    0.00000    0.00000    0.00000    0.00000    0.00000    0.00000    0.00000
  -40.71966    0.00000    0.00000    0.00000    0.00000    0.00000    0.00000    0.00000
  -50.01324    0.00000    0.00000    0.00000    0.00000    0.00000    0.00000    0.00000
  -17.41177    0.00000    0.00000    0.00000    0.00000    0.00000    0.00000    0.00000
    3.58819    0.00000    0.00000    0.00000    0.00000    0.00000    0.00000    0.00000
    7.08548    0.00000    0.00000    0.00000    0.00000    0.00000    0.00000    0.00000
   46.28237    0.00000    0.00000    0.00000    0.00000    0.00000    0.00000    0.00000
   14.61229    0.00000    0.00000    0.00000    0.00000    0.00000    0.00000    0.00000

X_poly =

  -1.6747e+001  2.8045e+002  0.0000e+000  0.0000e+000  0.0000e+000  0.0000e+000  0.0000e+000  0.0000e+000
  -1.4577e+001  2.1250e+002  0.0000e+000  0.0000e+000  0.0000e+000  0.0000e+000  0.0000e+000  0.0000e+000
  3.4516e+001  1.1913e+003  0.0000e+000  0.0000e+000  0.0000e+000  0.0000e+000  0.0000e+000  0.0000e+000
  -4.7010e+001  2.2099e+003  0.0000e+000  0.0000e+000  0.0000e+000  0.0000e+000  0.0000e+000  0.0000e+000
  3.6975e+001  1.3672e+003  0.0000e+000  0.0000e+000  0.0000e+000  0.0000e+000  0.0000e+000  0.0000e+000
  -4.0686e+001  1.6554e+003  0.0000e+000  0.0000e+000  0.0000e+000  0.0000e+000  0.0000e+000  0.0000e+000
  -4.4720e+000  1.9999e+001  0.0000e+000  0.0000e+000  0.0000e+000  0.0000e+000  0.0000e+000  0.0000e+000
  2.6534e+001  7.0403e+002  0.0000e+000  0.0000e+000  0.0000e+000  0.0000e+000  0.0000e+000  0.0000e+000
  -4.2798e+001  1.8316e+003  0.0000e+000  0.0000e+000  0.0000e+000  0.0000e+000  0.0000e+000  0.0000e+000
  2.5374e+001  6.4384e+002  0.0000e+000  0.0000e+000  0.0000e+000  0.0000e+000  0.0000e+000  0.0000e+000
  -3.1110e+001  9.6780e+002  0.0000e+000  0.0000e+000  0.0000e+000  0.0000e+000  0.0000e+000  0.0000e+000
  2.7312e+001  7.4593e+002  0.0000e+000  0.0000e+000  0.0000e+000  0.0000e+000  0.0000e+000  0.0000e+000
  -3.2639e+000  1.0653e+001  0.0000e+000  0.0000e+000  0.0000e+000  0.0000e+000  0.0000e+000  0.0000e+000
  -1.8183e+000  3.3061e+000  0.0000e+000  0.0000e+000  0.0000e+000  0.0000e+000  0.0000e+000  0.0000e+000
  -4.0720e+001  1.6581e+003  0.0000e+000  0.0000e+000  0.0000e+000  0.0000e+000  0.0000e+000  0.0000e+000
  -5.0013e+001  2.5013e+003  0.0000e+000  0.0000e+000  0.0000e+000  0.0000e+000  0.0000e+000  0.0000e+000
  -1.7412e+001  3.0317e+002  0.0000e+000  0.0000e+000  0.0000e+000  0.0000e+000  0.0000e+000  0.0000e+000
  3.5882e+000  1.2875e+001  0.0000e+000  0.0000e+000  0.0000e+000  0.0000e+000  0.0000e+000  0.0000e+000
  7.0855e+000  5.0204e+001  0.0000e+000  0.0000e+000  0.0000e+000  0.0000e+000  0.0000e+000  0.0000e+000
  4.6282e+001  2.1421e+003  0.0000e+000  0.0000e+000  0.0000e+000  0.0000e+000  0.0000e+000  0.0000e+000
  1.4612e+001  2.1352e+002  0.0000e+000  0.0000e+000  0.0000e+000  0.0000e+000  0.0000e+000  0.0000e+000

X_poly =

  -1.6747e+001  2.8045e+002  -4.6965e+003  0.0000e+000  0.0000e+000  0.0000e+000  0.0000e+000  0.0000e+000
  -1.4577e+001  2.1250e+002  -3.0978e+003  0.0000e+000  0.0000e+000  0.0000e+000  0.0000e+000  0.0000e+000
  3.4516e+001  1.1913e+003  4.1120e+004  0.0000e+000  0.0000e+000  0.0000e+000  0.0000e+000  0.0000e+000
  -4.7010e+001  2.2099e+003  -1.0389e+005  0.0000e+000  0.0000e+000  0.0000e+000  0.0000e+000  0.0000e+000
  3.6975e+001  1.3672e+003  5.0551e+004  0.0000e+000  0.0000e+000  0.0000e+000  0.0000e+000  0.0000e+000
  -4.0686e+001  1.6554e+003  -6.7350e+004  0.0000e+000  0.0000e+000  0.0000e+000  0.0000e+000  0.0000e+000
  -4.4720e+000  1.9999e+001  -8.9435e+001  0.0000e+000  0.0000e+000  0.0000e+000  0.0000e+000  0.0000e+000
  2.6534e+001  7.0403e+002  1.8681e+004  0.0000e+000  0.0000e+000  0.0000e+000  0.0000e+000  0.0000e+000
  -4.2798e+001  1.8316e+003  -7.8390e+004  0.0000e+000  0.0000e+000  0.0000e+000  0.0000e+000  0.0000e+000
  2.5374e+001  6.4384e+002  1.6337e+004  0.0000e+000  0.0000e+000  0.0000e+000  0.0000e+000  0.0000e+000
  -3.1110e+001  9.6780e+002  -3.0108e+004  0.0000e+000  0.0000e+000  0.0000e+000  0.0000e+000  0.0000e+000
  2.7312e+001  7.4593e+002  2.0373e+004  0.0000e+000  0.0000e+000  0.0000e+000  0.0000e+000  0.0000e+000
  -3.2639e+000  1.0653e+001  -3.4769e+001  0.0000e+000  0.0000e+000  0.0000e+000  0.0000e+000  0.0000e+000
  -1.8183e+000  3.3061e+000  -6.0115e+000  0.0000e+000  0.0000e+000  0.0000e+000  0.0000e+000  0.0000e+000
  -4.0720e+001  1.6581e+003  -6.7517e+004  0.0000e+000  0.0000e+000  0.0000e+000  0.0000e+000  0.0000e+000
  -5.0013e+001  2.5013e+003  -1.2510e+005  0.0000e+000  0.0000e+000  0.0000e+000  0.0000e+000  0.0000e+000
  -1.7412e+001  3.0317e+002  -5.2787e+003  0.0000e+000  0.0000e+000  0.0000e+000  0.0000e+000  0.0000e+000
  3.5882e+000  1.2875e+001  4.6198e+001  0.0000e+000  0.0000e+000  0.0000e+000  0.0000e+000  0.0000e+000
  7.0855e+000  5.0204e+001  3.5572e+002  0.0000e+000  0.0000e+000  0.0000e+000  0.0000e+000  0.0000e+000
  4.6282e+001  2.1421e+003  9.9140e+004  0.0000e+000  0.0000e+000  0.0000e+000  0.0000e+000  0.0000e+000
  1.4612e+001  2.1352e+002  3.1200e+003  0.0000e+000  0.0000e+000  0.0000e+000  0.0000e+000  0.0000e+000

